2.84480724
2.29330056
2.09714003
1.96797138
1.88333609
1.70828292
1.53071606
1.37417000
1.33393945
1.26275998
1.19853466
1.14379538
1.12310345
1.06373380
1.01778535
0.82041654
0.76445483
0.74602158
0.73438840
0.72634199
0.71881764
0.70487673
0.70174065
0.69149365
0.68263024
0.68011962
0.68192788
0.67434522
0.65750531
0.66249526
0.62529336
0.61965771
0.61070862
0.61380241
0.60760261
0.60907352
0.61233115
0.60971321
0.60874460
0.61048473
0.60883981
0.59928777
0.60743838
0.60442576
0.60495546
0.59872262
0.59254482
0.59864573
0.59883153
0.59412605
0.59985943
0.59829140
0.60123047
0.59361277
0.59942250
0.60194876
0.59377899
0.58911907
0.59604401
