0.09811111
0.23066667
0.30322222
0.34688889
0.38188889
0.43555556
0.49055556
0.54600000
0.56488889
0.58722222
0.61111111
0.62122222
0.63611111
0.64733333
0.66222222
0.73488889
0.74777778
0.75744444
0.76266667
0.76688889
0.76733333
0.76988889
0.77555556
0.77288889
0.77855556
0.77711111
0.77911111
0.78288889
0.78477778
0.78833333
0.79711111
0.80088889
0.80188889
0.80155556
0.80277778
0.80300000
0.80588889
0.80255556
0.80011111
0.80477778
0.80355556
0.80766667
0.80244444
0.80188889
0.80744444
0.80588889
0.80722222
0.80711111
0.80466667
0.80700000
0.80400000
0.80722222
0.80333333
0.80855556
0.80644444
0.80388889
0.80733333
0.81111111
0.80544444
