0.14400000
0.31044444
0.37800000
0.44155556
0.49988889
0.55900000
0.59855556
0.62233333
0.65277778
0.67588889
0.68044444
0.70333333
0.72088889
0.73155556
0.73955556
0.79700000
0.80633333
0.81377778
0.81900000
0.81977778
0.82044444
0.81966667
0.82833333
0.82855556
0.82844444
0.82800000
0.83344444
0.82800000
0.82800000
0.83577778
0.84566667
0.85166667
0.84700000
0.85333333
0.84966667
0.85055556
0.84844444
0.84822222
0.85322222
0.85055556
0.84888889
0.85377778
0.85033333
0.85400000
0.85377778
0.85344444
0.85533333
0.85666667
0.85488889
0.85188889
0.85544444
0.85466667
0.85400000
0.85688889
0.85111111
0.85288889
0.85188889
0.85388889
0.85200000
