2.66072316
2.07293068
1.88622906
1.69592414
1.52719849
1.35031619
1.22380827
1.13167293
1.05573988
0.98552679
0.95975369
0.90455525
0.86841294
0.83007675
0.80669760
0.62653861
0.58731089
0.57448149
0.56184656
0.55605307
0.54827626
0.54868963
0.54412740
0.54044346
0.53471279
0.53467984
0.51727402
0.52448509
0.52469362
0.51564405
0.48057099
0.47178288
0.47093525
0.46770776
0.46688623
0.46471535
0.46822228
0.46797542
0.46649295
0.46596512
0.46799269
0.45708232
0.46438027
0.46052160
0.45991486
0.45745900
0.45571611
0.45296581
0.45436779
0.45485045
0.45473406
0.45807802
0.45783265
0.45404226
0.45846435
0.45211246
0.45570509
0.45524852
0.45703368
