0.16344444
0.27833333
0.33922222
0.38766667
0.42322222
0.46833333
0.49300000
0.51444444
0.53044444
0.55266667
0.56200000
0.57711111
0.58655556
0.60733333
0.61222222
0.62833333
0.63955556
0.63866667
0.65288889
0.65755556
0.65533333
0.67155556
0.67644444
0.68044444
0.68266667
0.68455556
0.69111111
0.69933333
0.69722222
0.70866667
0.70488889
0.70933333
0.71255556
0.71233333
0.71922222
0.72066667
0.72277778
0.72388889
0.72500000
0.73188889
0.73211111
0.73522222
0.74322222
0.74022222
0.73866667
0.74077778
0.74288889
0.74622222
0.74422222
0.75555556
0.75277778
0.75500000
0.75811111
0.75733333
0.75655556
0.75422222
0.76077778
0.76111111
0.76722222
