2.59055519
2.12362513
1.97470516
1.83863539
1.72754406
1.61460610
1.54517626
1.48317913
1.42991192
1.37176491
1.33679027
1.29237165
1.25267968
1.20903984
1.18780449
1.15440109
1.11594435
1.10483236
1.08148638
1.05523716
1.04173934
1.01752537
1.00337792
0.98771427
0.97872510
0.96103450
0.95760794
0.93373554
0.93542240
0.91211327
0.90767382
0.89817011
0.89307878
0.87971955
0.87327803
0.86664237
0.85307639
0.85243050
0.84440337
0.83287794
0.82452010
0.82253989
0.81132210
0.80402063
0.80277753
0.80011332
0.79222958
0.78552349
0.78262404
0.76897427
0.76517656
0.75401249
0.75908332
0.75820618
0.74626113
0.75106441
0.74122408
0.74268362
0.73178666
