2.29085424
1.69517566
1.46570099
1.28029154
1.11256702
1.03894084
0.94589380
0.85872364
0.81909932
0.75669070
0.73021625
0.67154462
0.66910256
0.62864996
0.61136413
0.58967031
0.56373050
0.54334520
0.53632950
0.49080277
0.48738612
0.45841718
0.44568504
0.42507522
0.41532980
0.39279621
0.37755984
0.37927571
0.35709756
0.34379123
0.32244386
0.32412223
0.30611624
0.31458750
0.28676743
0.27979820
0.26854444
0.27589359
0.26985890
0.24111497
0.24997906
0.23915239
0.25349962
0.22723534
0.22320001
0.21027609
0.20895690
0.20123865
0.19760069
0.19199246
0.18377148
0.19323583
0.17216238
0.17522280
0.16857459
0.16473429
0.15417756
0.15164071
0.15645071
