0.25133333
0.44533333
0.52011111
0.58688889
0.64288889
0.66244444
0.69688889
0.71955556
0.73344444
0.75422222
0.76111111
0.77955556
0.78200000
0.79177778
0.80144444
0.80566667
0.81388889
0.81600000
0.82100000
0.84033333
0.83822222
0.85111111
0.85333333
0.85922222
0.85966667
0.86833333
0.87455556
0.87144444
0.88144444
0.88533333
0.89088889
0.89000000
0.89800000
0.88988889
0.90533333
0.90211111
0.91188889
0.90555556
0.90855556
0.91855556
0.91711111
0.92066667
0.91388889
0.92088889
0.92511111
0.92988889
0.92844444
0.93100000
0.93388889
0.93677778
0.94000000
0.93477778
0.94011111
0.94066667
0.93900000
0.94244444
0.94900000
0.95000000
0.94622222
