0.10488889
0.12822222
0.19033333
0.23855556
0.26822222
0.28811111
0.30477778
0.31900000
0.32522222
0.33377778
0.34255556
0.34511111
0.34866667
0.36011111
0.36422222
0.36900000
0.37400000
0.37922222
0.38611111
0.38533333
0.38944444
0.39522222
0.40244444
0.40644444
0.41111111
0.41188889
0.41388889
0.41800000
0.42922222
0.43288889
0.43377778
0.43811111
0.43800000
0.44555556
0.45300000
0.45411111
0.45611111
0.45677778
0.46111111
0.46511111
0.46400000
0.47322222
0.47444444
0.47755556
0.48433333
0.48244444
0.48300000
0.49155556
0.49233333
0.49066667
0.49933333
0.49944444
0.50366667
0.50011111
0.50488889
0.50711111
0.51577778
0.51266667
0.51633333
