2.97724029
2.79166994
2.50601079
2.33984896
2.24143850
2.17639765
2.12946664
2.09374222
2.06752853
2.04211262
2.01769675
1.99954520
1.98211916
1.96585802
1.95124184
1.93539130
1.92314397
1.90964559
1.89558332
1.88316839
1.87694148
1.86223699
1.85078957
1.83673737
1.82995582
1.82219896
1.80888391
1.79474509
1.79057134
1.77777263
1.76839186
1.75591624
1.74745568
1.73705354
1.73206361
1.72187329
1.71281093
1.70349715
1.69130860
1.68303685
1.67626873
1.66535382
1.65771415
1.64887057
1.64035932
1.62913731
1.61818643
1.61208883
1.60720045
1.59639569
1.58718746
1.57793666
1.57503199
1.56296479
1.55054286
1.54868939
1.53815545
1.53104835
1.52388055
