0.11200000
0.25155556
0.31566667
0.35777778
0.39355556
0.43888889
0.48100000
0.51877778
0.55222222
0.57933333
0.59677778
0.61733333
0.62977778
0.64688889
0.65655556
0.71933333
0.73533333
0.73511111
0.74311111
0.74122222
0.74344444
0.74711111
0.74677778
0.75388889
0.74822222
0.75411111
0.75177778
0.75977778
0.75988889
0.76244444
0.77355556
0.77655556
0.77544444
0.77877778
0.77655556
0.77777778
0.77444444
0.78388889
0.77544444
0.78011111
0.77722222
0.77944444
0.77433333
0.77933333
0.77755556
0.78188889
0.78244444
0.78077778
0.78088889
0.78122222
0.78144444
0.78122222
0.78400000
0.78222222
0.77988889
0.78100000
0.78466667
0.78366667
0.78055556
