2.82817100
2.24702062
2.05144284
1.94147101
1.84801103
1.71947551
1.58710890
1.47667565
1.35471079
1.27994174
1.21591129
1.16457480
1.12913506
1.07028897
1.05331988
0.87209527
0.82372719
0.80999626
0.79398154
0.79495318
0.78190618
0.78010107
0.76983493
0.75988843
0.75930977
0.74960069
0.74407403
0.73457429
0.73867507
0.72291449
0.69612042
0.69408412
0.69724885
0.68870643
0.68705075
0.68727361
0.68912327
0.67713169
0.68297857
0.68147667
0.68533243
0.68265144
0.68181915
0.67850280
0.68410344
0.67417541
0.67707146
0.67435566
0.67739827
0.67347206
0.67500057
0.67223901
0.67290804
0.67385571
0.67806572
0.67518848
0.67196072
0.67452295
0.67427626
