2.98989756
2.94926307
2.80541115
2.57380562
2.38342562
2.21993297
2.12068771
2.03931114
1.99040966
1.93280302
1.88496028
1.84212740
1.80283792
1.75729232
1.71775454
1.56990349
1.54357377
1.53045391
1.51490832
1.50764693
1.50412880
1.49251168
1.48143091
1.47313350
1.46810507
1.45972536
1.44925578
1.43984276
1.43019960
1.43044286
1.40481405
1.40206054
1.40110022
1.40081601
1.40000419
1.40065966
1.39922863
1.39771108
1.39418388
1.39273298
1.39493835
1.39207869
1.39409452
1.39058707
1.38932018
1.38941864
1.38817059
1.39053241
1.39036677
1.38543384
1.39031850
1.38700972
1.38402860
1.38804261
1.38974621
1.38798158
1.38792360
1.38969178
1.38358819
