0.07700000
0.06155556
0.10233333
0.15666667
0.21788889
0.26155556
0.29744444
0.32344444
0.35133333
0.35733333
0.38400000
0.39433333
0.41600000
0.42977778
0.44055556
0.50811111
0.51822222
0.51755556
0.52233333
0.52166667
0.52933333
0.52933333
0.52955556
0.53488889
0.53455556
0.53333333
0.53944444
0.53833333
0.54500000
0.54466667
0.55188889
0.55244444
0.55288889
0.55200000
0.55800000
0.55644444
0.55277778
0.55500000
0.55733333
0.55644444
0.55677778
0.55777778
0.55744444
0.55877778
0.55400000
0.55588889
0.55722222
0.55966667
0.55677778
0.56077778
0.55455556
0.56100000
0.55833333
0.55777778
0.55811111
0.55255556
0.56166667
0.55844444
0.56233333
