0.08444444
0.12777778
0.15866667
0.22222222
0.25111111
0.26655556
0.27844444
0.29688889
0.29733333
0.30522222
0.31666667
0.32566667
0.33288889
0.33644444
0.34333333
0.35222222
0.35688889
0.36144444
0.37122222
0.37477778
0.37866667
0.38455556
0.38888889
0.39688889
0.39200000
0.39755556
0.40844444
0.40666667
0.41055556
0.41311111
0.41500000
0.42066667
0.42700000
0.42077778
0.43088889
0.42666667
0.43555556
0.43722222
0.44000000
0.43566667
0.44166667
0.44577778
0.45177778
0.45588889
0.45466667
0.46066667
0.46311111
0.47033333
0.46611111
0.46788889
0.47355556
0.47777778
0.47988889
0.48088889
0.47966667
0.48344444
0.48155556
0.48988889
0.49122222
