2.98982071
2.91563474
2.65632879
2.43896052
2.32950266
2.26238841
2.21734810
2.18175055
2.15321251
2.12828060
2.10641433
2.08749786
2.06896133
2.05391134
2.03538965
2.01778826
2.00092731
1.98475178
1.96741635
1.95611527
1.94403308
1.92684435
1.91549791
1.90736190
1.89810480
1.88756392
1.87220479
1.86471761
1.85738814
1.84621857
1.83837800
1.82670629
1.81388479
1.81045585
1.80016165
1.79723760
1.78518862
1.77963732
1.76651670
1.76016449
1.75459562
1.74260167
1.73452279
1.72858603
1.72147891
1.71212805
1.70412237
1.69284934
1.68686705
1.67880948
1.66861707
1.65744740
1.65136621
1.64445711
1.64030683
1.62958660
1.62189862
1.61584316
1.60451977
