2.66213542
2.17898557
2.00850485
1.85605989
1.74713022
1.57440761
1.44044409
1.33436428
1.23876778
1.17125100
1.11010891
1.08593315
1.03880527
1.01354176
0.93900838
0.73658473
0.67282065
0.65541381
0.64641055
0.64223894
0.62724304
0.62780494
0.61919219
0.61175353
0.60641115
0.59659321
0.59934730
0.58696548
0.58000704
0.58285882
0.54483069
0.53636606
0.53185656
0.53388410
0.53040632
0.52832834
0.53293417
0.52503130
0.52732694
0.52415949
0.53093173
0.52366809
0.52377715
0.52051425
0.52524173
0.52204127
0.51597022
