0.13911111
0.26988889
0.34022222
0.38722222
0.42400000
0.48144444
0.52633333
0.56022222
0.59644444
0.61422222
0.63566667
0.64288889
0.66077778
0.66622222
0.68877778
0.76355556
0.77900000
0.79511111
0.79133333
0.79277778
0.79788889
0.79911111
0.80344444
0.80700000
0.80577778
0.80977778
0.80755556
0.80866667
0.81322222
0.81377778
0.82900000
0.82966667
0.83244444
0.82888889
0.83277778
0.83355556
0.82677778
0.82966667
0.83333333
0.83355556
0.82688889
0.83211111
0.83522222
0.83466667
0.83333333
0.83344444
0.83622222
