2.63770118
2.40042431
2.28381556
2.21852572
2.16987016
2.11889316
2.07583194
2.03643594
2.00577740
1.97759680
1.95335368
1.93004132
1.90911797
1.89229115
1.87460192
1.86037257
1.84293240
1.82849466
1.81572525
1.80255033
1.78830287
1.77963035
1.76456284
1.75621466
1.74090651
1.73182638
1.72416679
1.71419892
1.70291822
1.69424865
1.68357466
1.67350873
1.66545204
1.65924378
1.65349874
1.64071376
1.63245277
1.62522546
1.61899526
1.60917038
1.60546085
1.59436810
1.58822753
1.57972810
1.57318671
1.56611665
1.56035312
1.55140575
1.54698976
1.53860592
1.52991883
1.52749216
1.52004597
1.51370279
1.50773658
1.50196562
1.49671056
1.49435796
