0.20635000
0.29851000
0.33607000
0.35695000
0.37116000
0.38545000
0.39923000
0.41160000
0.41993000
0.42614000
0.43374000
0.44018000
0.44538000
0.45155000
0.45556000
0.45913000
0.46168000
0.46670000
0.47077000
0.47279000
0.47630000
0.47867000
0.48169000
0.48403000
0.48716000
0.48853000
0.49137000
0.49369000
0.49602000
0.49872000
0.50115000
0.50272000
0.50456000
0.50707000
0.50711000
0.51200000
0.51269000
0.51357000
0.51535000
0.51868000
0.51937000
0.52163000
0.52251000
0.52494000
0.52543000
0.52801000
0.52981000
0.53168000
0.53294000
0.53438000
0.53597000
0.53629000
0.53914000
0.54012000
0.54173000
0.54285000
0.54432000
0.54504000
