2.71350113
2.16568950
2.00977098
1.90249047
1.79714262
1.64182405
1.46654115
1.39910027
1.25132765
1.17722530
1.11244956
1.10691221
1.00661830
0.98077081
0.92934077
0.93484086
0.88072846
0.86188655
0.83734417
0.79416428
0.78156421
0.77254794
0.76690030
0.73907989
0.71246620
0.70515828
0.68009990
0.67367339
0.66806962
0.64747467
0.63355759
0.63311398
0.60589458
0.61469162
0.60141043
0.59718907
0.58844802
0.58131613
0.58254846
0.55796397
0.55934580
0.54990078
0.54229485
0.53438534
0.54804019
0.52919934
0.52619603
0.51538565
0.50736022
0.51049163
0.50604622
0.49052041
0.50076939
0.48248908
0.49194310
0.47875045
0.47296677
0.47622655
0.47792603
