0.12777778
0.27377778
0.33555556
0.37100000
0.40011111
0.45622222
0.52166667
0.54022222
0.59055556
0.61211111
0.63522222
0.63922222
0.66555556
0.67444444
0.69555556
0.68888889
0.71144444
0.71777778
0.72311111
0.74022222
0.74200000
0.73866667
0.74544444
0.75966667
0.76455556
0.76722222
0.77611111
0.77311111
0.78600000
0.78833333
0.79300000
0.78977778
0.79633333
0.80100000
0.80444444
0.80000000
0.80755556
0.80833333
0.80666667
0.81955556
0.81055556
0.81788889
0.81755556
0.82422222
0.81888889
0.82311111
0.82844444
0.83011111
0.83177778
0.83011111
0.82811111
0.83866667
0.83133333
0.83566667
0.83633333
0.83877778
0.84122222
0.83933333
0.83955556
