2.27998073
1.73143299
1.45744567
1.28757893
1.20293817
1.09172623
0.99500331
0.93066894
0.87815404
0.82913705
0.77478290
0.73209931
0.71133337
0.68083025
0.63665547
0.60854118
0.59546789
0.58196857
0.55737473
0.52643340
0.50184457
0.49608829
0.48057572
0.45555549
0.44810099
0.43232537
0.41592042
0.39493632
0.38708480
0.39249022
0.37565227
0.36687035
0.34345209
0.34470018
0.32942043
0.31219304
0.30435400
0.30819775
0.29924289
0.29699917
0.27608942
0.29091158
0.27147644
0.25655636
0.26056180
0.23576961
0.22267985
0.23829418
0.23371369
0.22164229
0.22696191
0.21798730
0.21879020
0.18767574
0.19581345
0.18825902
0.19892166
0.17753000
0.17912218
