0.24677778
0.43366667
0.52322222
0.58000000
0.61311111
0.65155556
0.68100000
0.69877778
0.71222222
0.73022222
0.74977778
0.76211111
0.76755556
0.77588889
0.79411111
0.79855556
0.80555556
0.80888889
0.81555556
0.82766667
0.83466667
0.83244444
0.84444444
0.84677778
0.84955556
0.85711111
0.86111111
0.86688889
0.86788889
0.86888889
0.87577778
0.87533333
0.88155556
0.88822222
0.89055556
0.89511111
0.89588889
0.89311111
0.89877778
0.89777778
0.90522222
0.90044444
0.90533333
0.91177778
0.91155556
0.91855556
0.92200000
0.92088889
0.92022222
0.92388889
0.91900000
0.92488889
0.92222222
0.93422222
0.93288889
0.93366667
0.93033333
0.93844444
0.93744444
