2.72199381
2.15833583
1.99691973
1.85051793
1.70309070
1.55200356
1.40881430
1.29599899
1.21326691
1.12989945
1.10929267
1.00972030
0.97464354
0.96001449
0.91127692
0.88011555
0.84055782
0.83144883
0.79064350
0.76347284
0.77471641
0.74386107
0.71278087
0.68183733
0.69044718
0.65710243
0.63398211
0.61692702
0.61551601
0.58952170
0.58028578
0.56592809
0.55641483
0.54234532
0.53295273
0.52207139
0.51854606
0.49636211
0.49661373
0.47946849
0.47001975
0.45173616
0.45836061
0.44713899
0.43881889
0.43779307
0.42157810
0.41369066
0.41235684
0.40413494
0.39538981
0.39235946
0.39332425
0.38903618
0.37729873
0.38078963
0.38009410
0.38018678
0.37524731
