0.12322222
0.28600000
0.33677778
0.40066667
0.44155556
0.49200000
0.54022222
0.57122222
0.60022222
0.63600000
0.63600000
0.67211111
0.68522222
0.68733333
0.70077778
0.71566667
0.72433333
0.72811111
0.74222222
0.74911111
0.74633333
0.76000000
0.77111111
0.78111111
0.76911111
0.78566667
0.78955556
0.80111111
0.79422222
0.80611111
0.81133333
0.81444444
0.81700000
0.82255556
0.82233333
0.82933333
0.82733333
0.83688889
0.83777778
0.84411111
0.85011111
0.85022222
0.85411111
0.85600000
0.85788889
0.85288889
0.85911111
0.86622222
0.86688889
0.86922222
0.87466667
0.87388889
0.87144444
0.87233333
0.87766667
0.87744444
0.87555556
0.87933333
0.87888889
