2.33169607
2.03292752
1.86017401
1.64626623
1.44209712
1.35134178
1.27946731
1.20722748
1.15351512
1.09623773
1.06544871
1.04177283
1.02060202
0.99342131
0.97329332
0.93242347
0.91327238
0.93700174
0.90284078
0.86887719
0.87589872
0.85806914
0.84226804
0.84138626
0.82550170
0.80771745
0.79976370
0.78211183
0.79367085
0.77107615
0.75047592
0.75645486
0.75400156
0.73466765
0.72094388
0.71413077
0.72357860
0.72668909
0.72128025
0.71580021
0.69695379
0.68303679
0.68287908
0.69684784
0.71030710
0.67707381
0.66152979
0.66458794
0.65933626
0.67695578
0.67153194
0.63028851
0.66000631
0.63694694
0.66529697
0.66376705
0.66293160
0.63291881
0.62911395
