0.21222222
0.31644444
0.37777778
0.44755556
0.52422222
0.55222222
0.57277778
0.60388889
0.62377778
0.64088889
0.64644444
0.65588889
0.66677778
0.67855556
0.68055556
0.69400000
0.70655556
0.69611111
0.70733333
0.71411111
0.71577778
0.71777778
0.72277778
0.72611111
0.73144444
0.73888889
0.74011111
0.74622222
0.74300000
0.74766667
0.75511111
0.75111111
0.75400000
0.76322222
0.76600000
0.77244444
0.76588889
0.76477778
0.76577778
0.76800000
0.77588889
0.77711111
0.77677778
0.77544444
0.77033333
0.78411111
0.78744444
0.78066667
0.78400000
0.77666667
0.78366667
0.79577778
0.78233333
0.78877778
0.78533333
0.78455556
0.78477778
0.78900000
0.79222222
