0.11377778
0.26944444
0.30100000
0.32888889
0.37555556
0.42455556
0.47055556
0.50166667
0.53622222
0.57100000
0.59000000
0.61644444
0.62644444
0.64122222
0.65055556
0.66844444
0.67277778
0.68833333
0.70600000
0.70077778
0.71022222
0.72177778
0.72700000
0.73900000
0.73522222
0.75100000
0.74188889
0.75688889
0.75900000
0.76211111
0.81888889
0.83200000
0.83644444
0.84311111
0.84566667
0.84311111
0.84811111
0.85000000
0.84733333
0.85177778
0.85066667
0.85255556
0.85477778
0.84688889
0.85422222
0.85455556
0.85566667
0.85177778
0.85611111
0.85744444
0.85855556
0.85411111
0.85600000
0.85511111
0.85677778
0.86155556
0.86133333
0.86100000
0.86266667
0.85355556
0.87333333
0.87411111
0.87577778
0.87533333
0.87833333
0.87788889
0.87888889
0.87444444
0.88222222
0.87588889
0.87844444
0.87888889
0.87844444
0.88000000
0.87700000
0.87877778
0.87866667
0.87855556
0.87566667
0.88033333
0.87922222
0.87966667
0.87744444
0.88266667
0.88166667
0.88000000
0.88288889
0.88166667
0.88111111
0.88166667
0.88533333
0.88444444
0.88177778
0.88255556
0.88344444
0.88044444
0.88155556
0.88500000
0.88077778
0.88633333
0.88388889
0.88377778
0.88244444
0.88500000
0.88344444
0.88555556
0.88600000
0.88500000
0.88100000
0.88122222
0.88400000
0.88288889
0.88088889
0.88388889
0.88222222
0.87933333
0.88500000
0.88222222
0.88644444
