2.76743481
2.19933917
2.09477896
1.98910367
1.89857471
1.74936182
1.61644413
1.49761123
1.38895154
1.29467030
1.24664573
1.17321363
1.13852101
1.10571816
1.06798337
1.02188829
0.99664485
0.95311739
0.89887027
0.94094103
0.87739142
0.85475873
0.85033243
0.81029160
0.80744885
0.77051670
0.78711683
0.74743312
0.73240795
0.73834373
0.55992183
0.51323249
0.50035157
0.50094945
0.48832415
0.48290043
0.47957432
0.47297309
0.46810562
0.46496359
0.46434973
0.45997368
0.46001603
0.46033788
0.45367503
0.44874043
0.44791053
0.44764275
0.44560314
0.45088842
0.43702939
0.43934526
0.43718764
0.43845415
0.43653353
0.43102724
0.42661482
0.43403414
0.42662631
0.43132831
0.39711681
0.38615901
0.38712125
0.37915811
0.37845523
0.38495278
0.37859486
0.38196450
0.37459862
0.37813440
0.37677432
0.37773452
0.37712576
0.37377685
0.37470640
0.37558604
0.37992190
0.37835272
0.37921631
0.37115864
0.37393738
0.37286759
0.37629661
0.37162290
0.37259216
0.36857408
0.37016978
0.36970769
0.37115805
0.36608268
0.36521594
0.36581711
0.36330332
0.36250635
0.36118801
0.36445371
0.36522273
0.36669191
0.36448424
0.35693568
0.36370345
0.35945765
0.36259862
0.36089115
0.36558832
0.35915044
0.36041382
0.36280621
0.36159476
0.36572964
0.36328515
0.36416716
0.36600344
0.36088265
0.36363270
0.36604723
0.36474604
0.36333280
0.35971909
