2.23880596
1.70935104
1.43519405
1.27950746
1.13897338
1.03871485
0.94818659
0.87576779
0.83395033
0.77829129
0.75391933
0.69962353
0.67272473
0.64027017
0.61666783
0.59613592
0.57714301
0.54727481
0.54866576
0.51424569
0.51663303
0.49359737
0.48060511
0.44403257
0.45011691
0.42818428
0.42464781
0.39782013
0.39841327
0.37434870
0.37009694
0.36204247
0.35624413
0.34525809
0.33543563
0.32370096
0.32073544
0.31169928
0.30289874
0.28949130
0.29306429
0.29011333
0.27590012
0.27436298
0.27887048
0.25382367
0.24950332
0.24194511
0.23031888
0.22225050
0.21503901
0.22446544
0.21356706
0.20486728
0.20076872
0.20162583
0.21235645
0.18696234
0.18999062
