0.26244444
0.43844444
0.52511111
0.57866667
0.62855556
0.66622222
0.69433333
0.71155556
0.72155556
0.74266667
0.75377778
0.77388889
0.77811111
0.78522222
0.80166667
0.80644444
0.80755556
0.81611111
0.81888889
0.82855556
0.83288889
0.83766667
0.84088889
0.85322222
0.84966667
0.85822222
0.86033333
0.86844444
0.86577778
0.87677778
0.87733333
0.88300000
0.87788889
0.88711111
0.88777778
0.88866667
0.89088889
0.89155556
0.89400000
0.90200000
0.90033333
0.90100000
0.90300000
0.90900000
0.90444444
0.91200000
0.91244444
0.91711111
0.92144444
0.92488889
0.92600000
0.92044444
0.92788889
0.92811111
0.92933333
0.92900000
0.92588889
0.93233333
0.93422222
