0.13933333
0.27877778
0.33400000
0.36755556
0.42333333
0.48222222
0.53777778
0.57477778
0.59822222
0.61933333
0.63077778
0.65022222
0.65988889
0.67655556
0.70322222
0.68633333
0.70555556
0.71744444
0.72077778
0.73288889
0.73955556
0.74022222
0.74688889
0.74677778
0.75900000
0.75677778
0.75711111
0.76822222
0.75988889
0.77022222
0.77177778
0.78244444
0.78100000
0.78755556
0.79111111
0.78422222
0.78111111
0.79111111
0.79222222
0.80222222
0.80855556
0.80311111
0.79955556
0.81033333
0.80511111
0.80577778
0.80411111
0.81166667
0.81588889
0.81700000
0.81833333
0.82466667
0.82633333
0.81144444
0.81966667
0.81944444
0.82222222
0.82466667
0.82622222
