2.67639002
2.15353434
2.01625870
1.91477110
1.74561366
1.56391802
1.40162825
1.30710541
1.21962114
1.17478454
1.11512928
1.07300622
1.03179287
0.97851664
0.92821984
0.96555886
0.89109970
0.86137635
0.84945086
0.82764486
0.80314567
0.79389272
0.77672587
0.77444840
0.73339920
0.73842580
0.73979196
0.72279040
0.73736422
0.70105154
0.68849073
0.66102962
0.67376496
0.64567760
0.63375230
0.65162693
0.66077638
0.63660115
0.62992126
0.60021807
0.59851724
0.60520271
0.60674659
0.57929005
0.58938806
0.57838677
0.57961303
0.57401424
0.56135613
0.54714943
0.55367218
0.53292673
0.53472338
0.56279089
0.55489579
0.54531521
0.53784953
0.54358366
0.53107097
