2.67916566
2.14447461
2.02555880
1.93610925
1.85145926
1.76083841
1.68445468
1.63226877
1.56515393
1.50537836
1.45110122
1.39258572
1.35948782
1.31122645
1.27863636
1.19237927
1.16382901
1.15679488
1.15193099
1.14295567
1.14278430
1.13555533
1.13632905
1.12660790
1.13101638
1.12709681
1.12476877
1.11827827
1.11822514
1.10857583
1.10592120
1.10098790
1.10640183
1.10361345
1.09991873
1.10563624
1.10245096
1.09977510
1.10278304
1.09978920
1.09918734
1.10344925
1.09522582
1.10008975
1.10434274
1.09845853
1.09864289
1.09496536
1.09755239
1.09934487
1.09659960
1.09561012
1.10185209
1.09848543
1.09606292
1.09867452
1.10125591
1.09477714
1.09988764
