0.16866667
0.27744444
0.31877778
0.35333333
0.37700000
0.41600000
0.43977778
0.46044444
0.48344444
0.50655556
0.52000000
0.54533333
0.55833333
0.57344444
0.58411111
0.61455556
0.62277778
0.62422222
0.63377778
0.63366667
0.63155556
0.63333333
0.63277778
0.63666667
0.63233333
0.63933333
0.63900000
0.63811111
0.64333333
0.63777778
0.64400000
0.64866667
0.64233333
0.64222222
0.64188889
0.64366667
0.64400000
0.64500000
0.64477778
0.64611111
0.64555556
0.64255556
0.64477778
0.64455556
0.64577778
0.64577778
0.64866667
0.64933333
0.64255556
0.64500000
0.64700000
0.65033333
0.64533333
0.64377778
0.64811111
0.64488889
0.64333333
0.65211111
0.64700000
