0.11666667
0.26055556
0.32366667
0.36900000
0.39844444
0.47188889
0.52166667
0.54822222
0.59522222
0.61388889
0.64588889
0.65422222
0.66444444
0.68388889
0.68544444
0.69733333
0.71800000
0.71255556
0.71577778
0.73655556
0.73511111
0.73911111
0.73344444
0.75211111
0.75855556
0.75066667
0.76777778
0.76244444
0.75188889
0.78033333
0.77288889
0.78422222
0.78611111
0.78633333
0.78288889
0.78500000
0.78988889
0.79300000
0.78333333
0.79611111
0.78288889
0.79911111
0.80355556
0.79688889
0.79622222
0.79722222
0.80344444
0.80111111
0.80555556
0.80644444
0.85377778
0.84788889
0.85255556
0.85800000
0.85377778
0.85144444
0.84988889
0.86100000
0.86055556
0.85211111
0.85933333
0.85922222
0.85911111
0.85688889
0.85733333
0.86033333
0.85066667
0.86544444
