2.76211992
2.21278229
2.03892492
1.91099753
1.80599085
1.59433747
1.44021026
1.36799205
1.24330918
1.16170163
1.09373432
1.06223937
1.02538608
0.96752676
0.95229041
0.92466578
0.87897422
0.88588184
0.86130717
0.81575475
0.83034235
0.80122888
0.81161489
0.75000553
0.73881160
0.76667396
0.71880120
0.72127825
0.75935475
0.67844129
0.69073317
0.65990965
0.65198273
0.64797445
0.66240087
0.65589960
0.64489793
0.62122167
0.66891357
0.62759486
0.66835299
0.62322067
0.59446127
0.60813170
0.61847898
0.60507148
0.59025877
0.60486686
0.58407294
0.58136164
0.44751006
0.45517722
0.44642842
0.43230251
0.44504281
0.44643592
0.45344641
0.42743250
0.42864999
0.43272266
0.42508764
0.42683320
0.42871810
0.42339220
0.42647981
0.41615672
0.45295231
0.41432588
