2.73782242
2.43850943
2.42645244
2.31293684
2.13133440
2.05970200
2.02597239
2.02835960
1.99852166
1.95047316
1.91316893
1.89694567
1.87024647
1.83988089
1.89678078
1.70106825
1.57921824
1.55177434
1.52133471
1.51883341
1.46744638
1.42613386
1.41417284
1.41508320
1.36830013
1.35732533
1.35404944
1.31546073
1.28803361
1.30973823
1.21524702
1.14701832
1.09268417
1.07625741
1.07041124
1.06887432
1.06480083
1.06114611
1.05204778
1.04716934
1.05237398
1.04825272
1.03232076
1.03917283
1.02901470
1.00260379
0.99012842
0.98286391
0.98717109
0.98543098
0.99032789
0.99077652
0.97936720
0.96716473
0.98118438
0.98227344
0.97739855
0.98728812
0.98727861
