0.12900000
0.18955556
0.20611111
0.24566667
0.29622222
0.33022222
0.32488889
0.33011111
0.34522222
0.35955556
0.36844444
0.37433333
0.38933333
0.38900000
0.38444444
0.44355556
0.48911111
0.49388889
0.50188889
0.50477778
0.52344444
0.53033333
0.53822222
0.53488889
0.55655556
0.55588889
0.56444444
0.57533333
0.57488889
0.57888889
0.60911111
0.62800000
0.64755556
0.65722222
0.65211111
0.65288889
0.65655556
0.65800000
0.66000000
0.66366667
0.65877778
0.65922222
0.66733333
0.66755556
0.66966667
0.67622222
0.67922222
0.67733333
0.68100000
0.67933333
0.68033333
0.67955556
0.68588889
0.68866667
0.68677778
0.68200000
0.68400000
0.68188889
0.68188889
