0.09800000
0.24166667
0.32055556
0.36155556
0.41833333
0.46833333
0.51122222
0.54944444
0.57588889
0.60522222
0.65888889
0.67411111
0.68311111
0.69200000
0.70266667
0.71611111
0.71822222
0.72488889
0.72911111
0.73433333
0.73888889
0.73955556
0.75333333
0.76044444
0.76522222
0.76555556
0.76655556
0.76177778
0.76788889
0.77566667
0.81044444
0.81844444
0.80855556
0.81277778
0.81555556
0.81455556
0.82466667
0.82400000
0.82700000
0.82133333
0.82755556
0.82777778
0.83400000
0.82766667
0.82844444
0.83244444
0.83677778
0.83311111
0.83655556
0.83611111
0.85911111
0.86433333
0.86466667
0.86633333
0.86111111
0.86411111
0.86688889
0.87088889
0.86288889
