2.78925074
2.24764391
2.04508180
1.94165372
1.76916612
1.60483611
1.46094682
1.36082875
1.29223888
1.21818530
1.02862983
0.98592697
0.95908389
0.93365280
0.90924621
0.87645031
0.87203534
0.83756934
0.83012345
0.81056612
0.78865272
0.79535284
0.75926572
0.73321462
0.73139324
0.71856902
0.71128101
0.72233483
0.70676710
0.68986549
0.57878182
0.55533410
0.56903366
0.57220563
0.56907686
0.55374617
0.53187377
0.53784887
0.53738050
0.53363206
0.52673048
0.51608165
0.50738012
0.52103110
0.52012764
0.50748051
0.50426599
0.50229515
0.50181309
0.50644024
0.43857929
0.41856092
0.41205354
0.41422871
0.42047571
0.41391874
0.41036229
0.40045273
0.41330841
