2.86823579
2.26494582
2.12561745
1.99340215
1.86768214
1.72240345
1.58583697
1.46703933
1.36211257
1.29792880
1.20757901
1.13304260
1.12014397
1.07849457
1.01394477
0.83003321
0.77264410
0.75245310
0.73694337
0.72315856
0.71883550
0.71776605
0.70770663
0.69807266
0.70112169
0.68984705
0.68779359
0.66879495
0.68162585
0.67009824
0.63879901
0.61972067
0.62210242
0.61766095
0.62493205
0.62253341
0.61882276
0.61703530
0.61430749
0.61553346
0.61041874
0.61591483
0.61410579
0.60890103
0.61379235
0.60779401
0.59757347
0.60816954
0.60255397
0.60423683
0.60554920
0.60945565
0.60542692
0.60539870
0.60146223
0.60477905
0.60480949
0.60808449
0.60838339
