0.09388889
0.23444444
0.29355556
0.33911111
0.38855556
0.43333333
0.48188889
0.52055556
0.55077778
0.57677778
0.59944444
0.62644444
0.64055556
0.65044444
0.66811111
0.73244444
0.75511111
0.75655556
0.76122222
0.76700000
0.76733333
0.76588889
0.76855556
0.77422222
0.77488889
0.77822222
0.77988889
0.78444444
0.78177778
0.78344444
0.79644444
0.80100000
0.80044444
0.80255556
0.79955556
0.79844444
0.79900000
0.80333333
0.80366667
0.80455556
0.80511111
0.80466667
0.80522222
0.80855556
0.80466667
0.80433333
0.81011111
0.80500000
0.80788889
0.80733333
0.80533333
0.80366667
0.80400000
0.80255556
0.80900000
0.80111111
0.80644444
0.80844444
0.80422222
