2.42250947
2.10397988
1.92108362
1.77027829
1.65559886
1.54428814
1.44926231
1.34068720
1.28675139
1.22227560
1.19746637
1.13522967
1.10202040
1.07078392
1.04443843
1.01548351
0.99436969
0.96996926
0.95636086
0.93170889
0.92269291
0.90431548
0.89575454
0.87774972
0.87096469
0.85311682
0.84942168
0.83485451
0.82569525
0.80926892
0.80381974
0.79696667
0.79823445
0.77461503
0.78162706
0.76261367
0.75894056
0.75868236
0.75135705
0.73743092
0.74317272
0.72689908
0.71554149
0.71822332
0.70590849
0.70391176
0.70390777
0.70038612
0.69184848
0.69547993
0.68712368
0.68262693
0.67918613
0.66902171
0.66335471
0.66886926
0.66235696
0.65669328
0.65574742
