0.19800000
0.29844444
0.36288889
0.41322222
0.44888889
0.48944444
0.52444444
0.55788889
0.57444444
0.60066667
0.60955556
0.62822222
0.64033333
0.65177778
0.65777778
0.66844444
0.67666667
0.68400000
0.68500000
0.69144444
0.69688889
0.70488889
0.70255556
0.71755556
0.71866667
0.72522222
0.72433333
0.73033333
0.73744444
0.73422222
0.74155556
0.73855556
0.74277778
0.74455556
0.74888889
0.75111111
0.75655556
0.75688889
0.75433333
0.76088889
0.76366667
0.76622222
0.76433333
0.76544444
0.77288889
0.77133333
0.76966667
0.77455556
0.77622222
0.77733333
0.77322222
0.77444444
0.78188889
0.78233333
0.78544444
0.78300000
0.78611111
0.78522222
0.78844444
