0.64888889
0.65088889
0.65055556
0.65488889
0.65255556
0.65433333
0.65555556
0.65866667
0.65477778
0.65855556
0.65733333
0.66100000
0.66088889
0.65844444
0.66433333
0.66088889
0.66344444
0.66666667
0.66177778
0.66466667
0.67022222
0.67066667
0.66711111
0.67233333
0.67000000
0.67188889
0.67100000
0.67533333
0.66988889
0.67500000
0.67388889
0.67433333
0.67422222
0.67833333
0.67555556
0.67555556
0.67600000
0.67922222
0.67811111
0.68466667
0.68288889
0.67800000
0.68122222
0.68522222
0.68233333
0.68288889
0.68533333
0.68755556
0.68622222
0.68622222
0.68633333
0.69155556
0.68755556
0.69066667
0.69188889
0.68522222
0.69455556
0.69066667
0.69422222
0.69111111
0.69155556
0.69677778
0.69422222
0.69788889
0.69988889
0.69733333
0.69244444
0.69488889
0.69655556
0.70000000
0.69911111
0.69911111
0.69811111
0.70233333
0.69933333
0.70111111
0.70500000
0.70288889
0.70166667
0.70211111
0.70011111
0.70177778
0.70377778
0.70055556
0.70788889
0.70288889
0.70333333
0.70633333
0.70488889
0.70766667
0.70655556
