1.08741898
1.08363471
1.08039744
1.07958824
1.07493891
1.06814822
1.06942487
1.06647602
1.06350881
1.05789163
1.05896799
1.05207477
1.04466424
1.04279566
1.04302210
1.03909581
1.03815878
1.03046766
1.03104187
1.03155637
1.02319265
1.01866186
1.01942478
1.01755303
1.02280126
1.01256466
1.01383384
1.00902939
1.01120002
1.00724658
1.00399374
0.99774147
0.99781917
0.99177163
0.99701460
0.98883863
0.98800092
0.98897317
0.98974745
0.98182562
0.98609444
0.98045089
0.97929721
0.97950927
0.97806929
0.96957643
0.96725788
0.96336151
0.96886996
0.96558100
0.96541700
0.96079825
0.96048762
0.95390492
0.95373505
0.95956028
0.95096555
0.95050975
0.94626598
0.95035499
0.95371271
0.94513744
0.94336510
0.93543490
0.93725703
0.93508952
0.93692688
0.94151549
0.93288036
0.93344778
0.93018754
0.92647725
0.92699796
0.92413218
0.92864835
0.92361564
0.91987753
0.92090541
0.91662740
0.91601056
0.91541346
0.91923060
0.91626574
0.91604963
0.91174174
0.91252942
0.90909626
0.91073480
0.90457200
0.90217430
0.90980328
