2.72959847
2.42699574
2.26318844
2.07308692
1.91537592
1.80369781
1.73941457
1.64963152
1.59991083
1.52341899
1.50497543
1.45718089
1.40128130
1.38009202
1.35894062
0.98007978
0.89479461
0.84594180
0.81727709
0.81419770
0.78403119
0.77654907
0.75522499
0.74806862
0.73207226
0.71266567
0.72371441
0.71587522
0.69651587
0.68962091
0.56473755
0.54113792
0.51939192
0.52318370
0.51554951
0.50900723
0.51119816
0.50557053
0.50358348
0.49483855
0.49806349
0.49686650
0.48662284
0.48867966
0.48510831
0.46181899
0.45913810
0.46250090
0.46437139
0.45792500
0.46199120
0.45616702
0.45689339
0.46051205
0.45514813
0.45486534
0.46710937
0.45937229
0.45490960
