0.09711111
0.18611111
0.23322222
0.31611111
0.36277778
0.40188889
0.42844444
0.45100000
0.47644444
0.50377778
0.50833333
0.52033333
0.53733333
0.55333333
0.56233333
0.68133333
0.71066667
0.71888889
0.72366667
0.73455556
0.74388889
0.73855556
0.74877778
0.74888889
0.75633333
0.76466667
0.75966667
0.75888889
0.76466667
0.76900000
0.81488889
0.82066667
0.82611111
0.83066667
0.82922222
0.83144444
0.83288889
0.83255556
0.83433333
0.83655556
0.83411111
0.83600000
0.83733333
0.84000000
0.84400000
0.84666667
0.84933333
0.84888889
0.84611111
0.84988889
0.84422222
0.85422222
0.84822222
0.84866667
0.85022222
0.84988889
0.84400000
0.85066667
0.85277778
