2.81555101
2.29577854
2.13095169
2.03729543
1.87148952
1.71181809
1.55356056
1.41039281
1.32639312
1.25408550
1.17445519
1.15115569
1.12253319
1.01366204
0.99817347
0.75857438
0.69224076
0.67064575
0.65895204
0.65980542
0.63351451
0.62674684
0.62158341
0.60884826
0.60789248
0.59384378
0.59541593
0.58627355
0.57542518
0.56296142
0.52573486
0.51711931
0.51258913
0.50578485
0.50170886
0.50640729
0.50728940
0.50429045
0.50221877
0.50068868
0.50161178
0.49858192
0.49442190
0.49747354
0.49116813
0.49253765
0.48597616
0.49287276
0.48804288
0.49294980
0.48830333
0.48975681
0.48884632
0.48583027
0.48697021
0.48733600
0.48549381
0.48924910
0.48137149
