0.10633333
0.21800000
0.28511111
0.31955556
0.37944444
0.43611111
0.48133333
0.53777778
0.57055556
0.59077778
0.61055556
0.63000000
0.63344444
0.66600000
0.67466667
0.75733333
0.77711111
0.78522222
0.78566667
0.78566667
0.79300000
0.79200000
0.79766667
0.80266667
0.80222222
0.80466667
0.80266667
0.80711111
0.81400000
0.81466667
0.82866667
0.83166667
0.83511111
0.83433333
0.83677778
0.83800000
0.83433333
0.83777778
0.83611111
0.83766667
0.83388889
0.83644444
0.83644444
0.83611111
0.83977778
0.83833333
0.84355556
0.84122222
0.83733333
0.83522222
0.83844444
0.84055556
0.84188889
0.84322222
0.84122222
0.84600000
0.84055556
0.84111111
0.84266667
