0.09100000
0.15922222
0.23833333
0.27633333
0.32233333
0.36444444
0.40744444
0.45222222
0.48355556
0.52233333
0.53800000
0.56511111
0.54833333
0.57988889
0.58655556
0.66333333
0.67488889
0.67611111
0.68011111
0.68111111
0.68944444
0.69266667
0.69644444
0.69544444
0.69377778
0.69822222
0.70022222
0.70600000
0.70577778
0.71366667
0.72155556
0.72477778
0.72288889
0.72588889
0.72822222
0.72355556
0.72833333
0.72788889
0.72400000
0.72788889
0.73011111
0.72933333
0.72477778
0.72888889
0.73055556
0.72755556
0.73300000
0.73355556
0.73900000
0.73188889
0.72833333
0.73433333
0.72955556
0.73333333
0.73044444
0.73200000
0.73000000
0.72722222
0.72966667
