2.88530914
2.48353080
2.22980497
2.13986617
2.04191661
1.91838560
1.80559267
1.64781630
1.56342996
1.45285969
1.39859195
1.32650996
1.36701946
1.29013999
1.25982249
1.05440030
1.01195811
0.99200707
0.97769893
0.96761055
0.95530940
0.94969688
0.92929630
0.93185100
0.92718601
0.92863551
0.91243942
0.89986617
0.89195516
0.88335340
0.85492108
0.84114007
0.84375190
0.84028764
0.83803544
0.84121117
0.84236115
0.83754494
0.83865136
0.83774517
0.83656487
0.83624029
0.83503677
0.83157670
0.83747914
0.83092909
0.82250332
0.82871911
0.81285481
0.82346086
0.82475804
0.82688859
0.82487909
0.82183222
0.83022031
0.82685283
0.82451189
0.82898861
0.81969883
