0.71211111
0.71066667
0.71466667
0.71655556
0.72500000
0.71800000
0.72533333
0.72955556
0.72855556
0.72933333
0.73366667
0.73566667
0.73400000
0.73888889
0.74655556
0.74122222
0.75033333
0.75088889
0.75377778
0.75477778
0.76000000
0.75633333
0.75655556
0.75877778
0.75922222
0.76544444
0.76844444
0.76444444
0.77177778
0.77444444
0.77155556
0.77822222
0.77000000
0.77422222
0.77755556
0.78266667
0.78366667
0.77944444
0.78677778
0.78500000
0.79588889
0.79344444
0.79522222
0.79444444
0.79555556
0.79633333
0.79855556
0.79577778
0.80477778
0.79888889
0.79933333
0.80333333
0.80266667
0.80911111
0.81200000
0.80388889
0.80877778
0.80588889
0.81133333
0.81300000
0.81477778
0.81633333
0.81444444
0.82033333
0.81822222
0.81900000
0.81688889
0.82200000
0.82333333
0.82366667
0.82144444
0.83044444
0.83000000
0.83088889
0.83244444
0.83366667
0.83366667
0.82944444
0.82877778
0.83544444
0.82833333
0.83333333
0.83722222
0.83822222
0.83488889
0.84166667
0.83833333
0.84477778
0.83888889
0.83988889
0.84722222
0.84200000
0.84577778
