0.87629427
0.87279031
0.86003074
0.86350789
0.84898837
0.85546903
0.83966031
0.81943956
0.82334546
0.81587474
0.80774982
0.78740894
0.79878922
0.79423719
0.77350851
0.78016181
0.76150481
0.76628680
0.75293004
0.74990737
0.73558432
0.74559879
0.74174344
0.72476642
0.72773633
0.71435335
0.69881739
0.71170798
0.69362683
0.68234190
0.68568287
0.68253886
0.68169897
0.67471645
0.67759405
0.66104547
0.65177348
0.66176900
0.65043692
0.64792169
0.62331626
0.63891099
0.62375266
0.62885101
0.62997703
0.61200268
0.61103074
0.62636475
0.60720642
0.60247399
0.60026655
0.59275458
0.58995016
0.57238126
0.57458797
0.59508810
0.58091250
0.56942529
0.57555313
0.56283755
0.56472706
0.56381800
0.55827851
0.54122628
0.54550717
0.54885716
0.54949599
0.53431576
0.53753962
0.52891950
0.52922830
0.51801412
0.51472531
0.50612270
0.51111457
0.50824811
0.50049018
0.51317806
0.51163161
0.49648816
0.51719351
0.49967018
0.49752440
0.48337376
0.49665551
0.48179220
0.48078203
0.47472067
0.47849914
0.48328971
0.46612129
0.48171426
0.46924468
