0.16233333
0.28688889
0.33377778
0.41722222
0.48733333
0.53277778
0.55544444
0.58300000
0.60511111
0.61700000
0.63588889
0.64344444
0.65333333
0.66066667
0.68344444
0.67800000
0.68655556
0.69011111
0.69533333
0.70222222
0.70000000
0.70588889
0.70955556
0.71411111
0.71544444
0.71533333
0.72200000
0.71266667
0.71988889
0.72133333
0.72044444
0.72622222
0.72733333
0.72711111
0.72722222
0.72455556
0.72855556
0.72444444
0.73955556
0.73555556
0.73722222
0.73800000
0.73255556
0.73666667
0.74011111
0.73577778
0.73622222
0.74266667
0.73677778
0.73455556
0.73644444
0.74677778
0.73944444
0.74533333
0.75022222
0.73277778
0.74433333
0.73866667
0.74233333
