2.51461214
2.13615937
1.97713286
1.76237251
1.56491527
1.42896968
1.35780478
1.28292440
1.22412442
1.17715662
1.12761823
1.08773255
1.06333088
1.04178540
1.00223999
0.98292546
0.96348874
0.95755049
0.94518769
0.91962938
0.92050368
0.90922463
0.90319221
0.88741908
0.87526738
0.88497382
0.86760393
0.88685070
0.87246740
0.86761210
0.85562386
0.84453201
0.84998174
0.85588116
0.83798595
0.84389202
0.83616279
0.84905528
0.80686355
0.81434282
0.80695667
0.80987980
0.82352717
0.79888617
0.79676104
0.81838590
0.79765010
0.80453641
0.81672751
0.81119267
0.81495452
0.79276385
0.80087975
0.77872747
0.78726256
0.80979739
0.77984424
0.80016948
0.79920839
