2.96172002
2.40479012
2.17725488
2.07481553
1.93966932
1.82030058
1.65288245
1.60316327
1.47209889
1.41158305
1.34440604
1.27150819
1.21969544
1.19128989
1.12622278
0.89737761
0.84652881
0.82894173
0.82059891
0.81167513
0.79229758
0.79372554
0.77852329
0.77016954
0.76552143
0.76469700
0.75490509
0.74554783
0.74442132
0.73829066
0.69632641
0.69075597
0.68904766
0.68249096
0.67866524
0.68218062
0.68327659
0.67966105
0.67965485
0.67654400
0.67647098
0.67815973
0.67857663
0.67537392
0.66930671
0.66920230
0.66943937
0.66627523
0.67089438
0.66432468
0.67136927
0.66701044
0.67188554
0.66752532
0.66200715
0.66234557
0.66838662
0.66437680
0.66077362
