0.07766667
0.19388889
0.25788889
0.30688889
0.35533333
0.40177778
0.45677778
0.46266667
0.51188889
0.53088889
0.55288889
0.58355556
0.60100000
0.60855556
0.63233333
0.70566667
0.72677778
0.73244444
0.73122222
0.73277778
0.74288889
0.74388889
0.74633333
0.74711111
0.74911111
0.75122222
0.75066667
0.75933333
0.75633333
0.75377778
0.77366667
0.77655556
0.78422222
0.77988889
0.77844444
0.77911111
0.78233333
0.78088889
0.77822222
0.78188889
0.78311111
0.78288889
0.77866667
0.78111111
0.78233333
0.78466667
0.78188889
0.78311111
0.78455556
0.78688889
0.78155556
0.78388889
0.78433333
0.78666667
0.78555556
0.78577778
0.78666667
0.78744444
0.78811111
