0.17733333
0.30244444
0.35133333
0.39877778
0.45555556
0.51144444
0.54033333
0.57866667
0.61988889
0.63388889
0.64777778
0.65466667
0.67166667
0.68955556
0.69311111
0.75788889
0.77111111
0.77388889
0.77722222
0.78100000
0.78311111
0.78044444
0.79088889
0.78666667
0.79022222
0.79077778
0.78766667
0.79255556
0.78955556
0.79077778
0.80500000
0.81033333
0.80922222
0.80822222
0.80933333
0.81100000
0.81133333
0.81088889
0.81366667
0.80911111
0.81011111
0.81433333
0.80855556
0.81100000
0.81122222
0.81455556
0.81800000
0.81544444
0.81255556
0.81344444
0.81500000
0.81000000
0.81644444
0.81300000
0.81533333
0.81233333
0.81333333
0.81500000
0.81066667
