2.56100024
2.10134849
1.95117508
1.82778267
1.65367139
1.49458111
1.38476394
1.26933768
1.15731202
1.12422511
1.09314880
1.07226985
1.01548024
0.94375067
0.94618639
0.76670300
0.71626097
0.70237167
0.69823057
0.67976816
0.68161873
0.67957109
0.65892663
0.66622380
0.65907656
0.65821410
0.65899272
0.64516938
0.64315919
0.64020912
0.61341073
0.60241970
0.60421858
0.60092319
0.59979048
0.59874963
0.59551247
0.59734729
0.59592330
0.59313558
0.59051940
0.58957968
0.59583722
0.59094144
0.59331380
0.59128813
0.58633870
0.59034582
0.58782326
0.58807583
0.58639922
0.59037796
0.58493646
0.58519497
0.58650759
0.58441140
0.59206257
0.58343213
0.59071168
