2.70971768
2.27377524
2.10871367
1.93049531
1.84568655
1.79067288
1.76380331
1.69957428
1.60089544
1.56011156
1.51402017
1.46647404
1.39956508
1.34779727
1.29719152
0.92381911
0.82583881
0.80671605
0.77091712
0.75537771
0.73161167
0.72543693
0.71580285
0.69462105
0.67340601
0.66721462
0.65300663
0.64439685
0.63351376
0.62162909
0.49680408
0.47002248
0.45924818
0.46318066
0.44926562
0.44831688
0.44963593
0.43711525
0.43451108
0.42978010
0.42681125
0.42240209
0.42281084
0.41533117
0.41348263
0.39600363
0.39733775
0.38971933
0.39646119
0.39183267
0.39389013
0.38779545
0.39238258
0.38644042
0.39202710
0.38675358
0.39095215
0.38996741
0.38609949
