0.11266667
0.23533333
0.29277778
0.35900000
0.39266667
0.41244444
0.42800000
0.45311111
0.47944444
0.49700000
0.50944444
0.52300000
0.54544444
0.56222222
0.58544444
0.69744444
0.73177778
0.73666667
0.75400000
0.75677778
0.75911111
0.76411111
0.76411111
0.77266667
0.78033333
0.78333333
0.78922222
0.79100000
0.79400000
0.79777778
0.83855556
0.85255556
0.85277778
0.84977778
0.85333333
0.85222222
0.85266667
0.85733333
0.86211111
0.85644444
0.86122222
0.86255556
0.86200000
0.86255556
0.86611111
0.87411111
0.87144444
0.87188889
0.87200000
0.87344444
0.87066667
0.87411111
0.87133333
0.87666667
0.87277778
0.87233333
0.87222222
0.87133333
0.87711111
