0.16333333
0.22944444
0.29311111
0.36700000
0.41611111
0.45233333
0.47455556
0.49477778
0.50766667
0.51133333
0.51222222
0.52377778
0.53100000
0.53466667
0.53288889
0.53255556
0.55000000
0.54655556
0.55477778
0.55555556
0.55777778
0.55766667
0.55966667
0.56488889
0.56388889
0.56866667
0.55900000
0.56988889
0.57788889
0.56544444
0.57311111
0.57577778
0.57622222
0.56800000
0.58355556
0.58000000
0.57577778
0.57755556
0.58500000
0.58000000
0.57877778
0.58222222
0.58222222
0.58355556
0.58644444
0.59111111
0.58555556
0.58166667
0.58766667
0.58933333
0.58711111
0.59444444
0.58466667
0.59233333
0.58522222
0.58800000
0.58944444
0.59344444
0.59722222
