2.73541477
2.27334311
2.12028505
1.91584738
1.76939562
1.64707617
1.59898241
1.54024253
1.50545237
1.49498083
1.47371785
1.43980215
1.42323998
1.41599526
1.40155049
1.41608549
1.37359669
1.36450806
1.36025278
1.35496381
1.35477077
1.34048174
1.32905816
1.33033801
1.32201037
1.31234965
1.32639562
1.32564523
1.30363910
1.31599198
1.30192324
1.29956273
1.29619400
1.30503709
1.28199328
1.27875344
1.29381937
1.27189592
1.28379832
1.28240162
1.27564606
1.27551246
1.28393805
1.28065506
1.25427242
1.26470850
1.25794866
1.27749300
1.25446798
1.24999908
1.27083507
1.23224521
1.25756376
1.25033398
1.26978609
1.25540862
1.24197363
1.23806348
1.23477351
