0.16477778
0.25144444
0.32244444
0.38100000
0.43255556
0.48800000
0.50966667
0.54200000
0.55933333
0.57544444
0.59311111
0.60411111
0.61688889
0.62533333
0.64055556
0.64122222
0.64944444
0.66244444
0.67333333
0.67333333
0.67855556
0.68533333
0.69200000
0.70088889
0.70800000
0.70722222
0.71577778
0.71911111
0.72222222
0.72800000
0.72511111
0.73188889
0.74055556
0.73633333
0.74655556
0.75244444
0.74800000
0.75288889
0.74833333
0.75522222
0.76222222
0.75377778
0.76400000
0.76222222
0.76700000
0.77188889
0.77200000
0.77077778
0.77988889
0.78077778
0.77655556
0.78200000
0.78011111
0.78622222
0.78644444
0.79355556
0.78900000
0.78666667
0.79466667
