2.59351733
2.19595221
2.04290903
1.85221050
1.71244566
1.55690405
1.50409429
1.39474686
1.34739233
1.28218280
1.24860133
1.19843612
1.16778556
1.14121849
1.10710582
1.09448514
1.06753820
1.04340648
1.00554198
0.98572680
0.97744095
0.97351639
0.94523265
0.91687357
0.90513627
0.90294930
0.87367066
0.86226771
0.86533059
0.83995809
0.85308101
0.82822250
0.79643708
0.80967672
0.79695619
0.77075807
0.78948062
0.76964617
0.76667066
0.74358412
0.73527864
0.74431581
0.71890536
0.73000098
0.71966521
0.72162132
0.70385736
0.70299311
0.67481252
0.68064681
0.68014057
0.68021108
0.67761717
0.66407791
0.66526369
0.64106000
0.66428718
0.64244865
0.64098464
