0.16266667
0.28866667
0.35355556
0.40666667
0.47400000
0.52611111
0.56611111
0.59144444
0.62655556
0.64788889
0.66044444
0.67544444
0.67522222
0.69288889
0.70411111
0.70400000
0.70833333
0.71788889
0.71555556
0.72933333
0.74233333
0.74077778
0.74811111
0.74500000
0.74566667
0.75588889
0.75588889
0.76111111
0.76066667
0.76200000
0.76088889
0.76522222
0.76277778
0.77044444
0.77233333
0.77100000
0.77277778
0.77088889
0.77844444
0.77122222
0.77977778
0.77477778
0.79166667
0.78500000
0.78588889
0.77911111
0.78466667
0.79277778
0.79277778
0.79411111
0.78877778
0.79033333
0.79388889
0.79111111
0.79411111
0.78811111
0.79233333
0.79833333
0.79555556
