2.49305699
2.08518606
1.91087194
1.77127248
1.57932888
1.44828412
1.33699512
1.24645933
1.15785987
1.09623674
1.04218291
1.01486158
0.99758118
0.95363610
0.92307861
0.91174523
0.89749309
0.86556076
0.85860597
0.84752702
0.80920076
0.81131205
0.78773795
0.77754529
0.78820052
0.77250613
0.74567558
0.75930208
0.74840796
0.73429043
0.73440360
0.72308454
0.72513587
0.70253343
0.69714388
0.70838631
0.70673134
0.68729237
0.68966688
0.69474003
0.68777140
0.68714256
0.65336233
0.67596281
0.66692221
0.67342847
0.65774937
0.63486306
0.64156366
0.65305181
0.64007469
0.64514668
0.63849208
0.64271205
0.63688892
0.65127926
0.63747051
0.62905436
0.62526425
