0.24011111
0.38211111
0.46733333
0.54488889
0.61811111
0.66022222
0.69211111
0.70944444
0.73466667
0.73866667
0.76388889
0.77333333
0.78333333
0.79533333
0.80600000
0.81155556
0.81400000
0.82200000
0.83222222
0.84088889
0.85077778
0.85077778
0.85766667
0.85977778
0.87144444
0.86844444
0.88122222
0.88011111
0.88655556
0.88500000
0.89433333
0.89077778
0.89455556
0.89388889
0.90544444
0.90500000
0.90600000
0.92077778
0.91355556
0.92111111
0.92588889
0.92222222
0.92255556
0.92966667
0.93288889
0.92366667
0.93500000
0.93666667
0.93644444
0.94355556
0.93588889
0.94333333
0.94144444
0.94433333
0.94488889
0.94400000
0.94855556
0.95055556
0.95233333
0.95000000
0.95266667
0.95911111
0.95244444
0.95777778
0.95744444
0.95822222
0.96300000
0.95755556
0.96588889
0.95777778
0.96500000
0.97100000
0.95822222
0.97011111
0.96311111
0.96677778
0.96811111
0.96355556
0.96911111
0.96511111
0.96411111
0.97388889
