2.30091921
1.85924537
1.61515122
1.38435948
1.17537143
1.05103539
0.95370177
0.90885203
0.81356298
0.79821315
0.73198525
0.69692981
0.65621987
0.62157136
0.58809996
0.57341091
0.55773858
0.53322975
0.49982827
0.46728458
0.44750728
0.44960459
0.41894051
0.42065014
0.38942788
0.38868206
0.36734816
0.35666879
0.34497633
0.32496452
0.31847836
0.31836373
0.30979845
0.30176502
0.28704694
0.28240123
0.27804339
0.23448487
0.25031367
0.23791124
0.22046569
0.22818378
0.23180671
0.20664675
0.20168269
0.21661405
0.19170749
0.18064199
0.18473135
0.16888319
0.18830484
0.16027266
0.16713820
0.16110008
0.15446540
0.16007888
0.14652564
0.14755594
0.14354935
0.13951980
0.13247683
0.11797081
0.13264383
0.12564676
0.12547928
0.12048554
0.10400217
0.12161250
0.10166359
0.12037970
0.10052241
0.08272801
0.12375648
0.08443314
0.11253993
0.09576714
0.09288301
0.11072183
0.09413881
0.10084745
0.10074591
0.07685532
