2.25927027
1.89781043
1.62268830
1.44937207
1.33845016
1.21992525
1.17450722
1.07852197
1.02730060
0.99286231
0.96388108
0.92877969
0.85807188
0.85115556
0.83979857
0.81096812
0.78956959
0.78846845
0.75257186
0.73260005
0.72672503
0.72508120
0.70156755
0.68937218
0.68912545
0.65538418
0.66165385
0.65129684
0.62930701
0.62104725
0.62794637
0.60573351
0.61893823
0.60340101
0.59518930
0.59724948
0.58608685
0.57619398
0.57703902
0.58919931
0.55975169
0.56599292
0.56319702
0.55286320
0.53874585
0.55337458
0.54829214
0.53707369
0.52580077
0.54044890
0.52102070
0.52323039
0.51973931
0.51839300
0.50309615
0.50097281
0.51271857
0.50576429
0.49985101
