0.25144444
0.37266667
0.46588889
0.53100000
0.56344444
0.60833333
0.61822222
0.64877778
0.66777778
0.68466667
0.68766667
0.70100000
0.72111111
0.72700000
0.72844444
0.73944444
0.73866667
0.74888889
0.75833333
0.76477778
0.76533333
0.76211111
0.77255556
0.77533333
0.77655556
0.78888889
0.77944444
0.79277778
0.79344444
0.79888889
0.79477778
0.80055556
0.80322222
0.80300000
0.80255556
0.80688889
0.80866667
0.81622222
0.81166667
0.80588889
0.81822222
0.81455556
0.81400000
0.81411111
0.82233333
0.82200000
0.81855556
0.82655556
0.82866667
0.82466667
0.82900000
0.83211111
0.83211111
0.82955556
0.83855556
0.83366667
0.82988889
0.83144444
0.83666667
