0.12788889
0.27966667
0.32866667
0.35233333
0.39922222
0.46611111
0.51600000
0.56077778
0.58722222
0.61211111
0.63822222
0.65544444
0.65500000
0.68022222
0.68777778
0.75788889
0.77622222
0.78222222
0.79000000
0.78888889
0.78966667
0.79788889
0.79633333
0.79900000
0.80122222
0.80422222
0.80422222
0.81177778
0.81444444
0.81333333
0.82088889
0.82600000
0.82388889
0.83044444
0.82622222
0.82944444
0.83222222
0.82966667
0.82833333
0.83088889
0.82955556
0.83000000
0.83577778
0.83388889
0.83044444
0.83388889
0.83366667
0.83355556
0.83155556
0.83355556
0.83488889
0.83533333
0.83366667
0.83100000
0.83244444
0.83488889
0.83700000
0.83333333
0.83322222
