2.70358227
2.16820521
2.04142524
1.93646393
1.81494294
1.62303021
1.46963919
1.35318090
1.25539732
1.18065912
1.10482686
1.05546227
1.05254755
0.97854522
0.93587920
0.74336908
0.68810193
0.67914169
0.65545750
0.64671447
0.64128219
0.62557795
0.63004580
0.62086142
0.60871135
0.60649174
0.59889179
0.59174039
0.58323439
0.58546437
0.55091492
0.53465034
0.54030536
0.53359088
0.53828941
0.53258533
0.52903304
0.53383907
0.53638609
0.52943414
0.52960958
0.52437822
0.52464379
0.52453303
0.52538886
0.52087628
0.52338521
0.52294180
0.52255869
0.52017143
0.51781481
0.52239507
0.51484493
0.51943042
0.52169569
0.52322975
0.51974681
0.51950885
0.52137436
