2.54799297
2.08647951
1.93405060
1.83394701
1.75229222
1.67222254
1.61555241
1.53744608
1.48321983
1.43016981
1.38236718
1.35237068
1.30121022
1.26101453
1.23569971
1.19689496
1.16099971
1.14259704
1.13109197
1.10117866
1.09024850
1.06531490
1.04570284
1.03203175
1.01175073
0.99212065
0.97269549
0.96900082
0.95493692
0.93523386
0.93601712
0.91331834
0.90634080
0.91694490
0.88727667
0.87361029
0.87351406
0.85211331
0.84473784
0.83424925
0.83588721
0.81353718
0.80927155
0.79047244
0.78584493
0.80096061
0.77985230
0.76696655
0.76925427
0.75965954
0.75846899
0.74706043
0.74865844
0.73171686
0.72373560
0.72380961
0.71942378
0.71395075
0.72008659
