0.17755556
0.30800000
0.36055556
0.40144444
0.43377778
0.46133333
0.47955556
0.50766667
0.51833333
0.53677778
0.55433333
0.56588889
0.57477778
0.59488889
0.59044444
0.61111111
0.62322222
0.62722222
0.62800000
0.64155556
0.64244444
0.64766667
0.65655556
0.66233333
0.66444444
0.67733333
0.67988889
0.67933333
0.68944444
0.69588889
0.69277778
0.69900000
0.69900000
0.69855556
0.70788889
0.71244444
0.71444444
0.72066667
0.72777778
0.73044444
0.72500000
0.73366667
0.73655556
0.74355556
0.73911111
0.73644444
0.74177778
0.75122222
0.75000000
0.75711111
0.75266667
0.76244444
0.75433333
0.76266667
0.76644444
0.76022222
0.76822222
0.76877778
0.76388889
