2.77711566
2.33945567
2.16030302
2.05937344
1.86209836
1.79046981
1.76008782
1.68335443
1.60803827
1.56939908
1.49973430
1.51861665
1.42424387
1.40534630
1.36417776
0.93689551
0.83684748
0.79806643
0.78281464
0.74069403
0.72465200
0.69977672
0.68800833
0.67869776
0.65969808
0.64896360
0.63783848
0.62247690
0.61814308
0.59000368
0.47592579
0.45862357
0.44321292
0.42903995
0.43627016
0.43231294
0.42269167
0.41474804
0.41491241
0.41323199
0.40575095
0.41320938
0.40932007
0.39509672
0.39246194
0.37742591
0.36901397
0.37379912
0.37151938
0.36973478
0.37484666
0.36536658
0.37097821
0.37292055
0.36686260
0.36875524
0.36410019
0.36610728
0.37213420
