0.10044444
0.21544444
0.26688889
0.30833333
0.38411111
0.41211111
0.42177778
0.45155556
0.47700000
0.49100000
0.51155556
0.51211111
0.54577778
0.55311111
0.56188889
0.69311111
0.72611111
0.73944444
0.74477778
0.75511111
0.76422222
0.76200000
0.77233333
0.77266667
0.78088889
0.78466667
0.78722222
0.79066667
0.79388889
0.80000000
0.84233333
0.84622222
0.85177778
0.85744444
0.85666667
0.85611111
0.86111111
0.86133333
0.85866667
0.86100000
0.86511111
0.86200000
0.86566667
0.86444444
0.86822222
0.87733333
0.88077778
0.87611111
0.87900000
0.87688889
0.87488889
0.87744444
0.87555556
0.87444444
0.88011111
0.87811111
0.87522222
0.87922222
0.87855556
