0.11400000
0.27055556
0.32766667
0.38800000
0.43166667
0.48700000
0.53944444
0.56966667
0.60300000
0.62288889
0.64633333
0.65611111
0.66633333
0.67833333
0.68822222
0.70277778
0.71066667
0.71233333
0.72522222
0.73533333
0.73833333
0.73911111
0.74211111
0.75088889
0.76388889
0.75544444
0.75900000
0.77400000
0.76944444
0.77300000
0.77200000
0.78122222
0.78622222
0.79055556
0.79500000
0.79822222
0.79344444
0.78733333
0.78888889
0.79555556
0.80122222
0.80644444
0.80433333
0.79500000
0.79777778
0.80355556
0.80477778
0.80166667
0.81322222
0.81400000
0.86988889
0.88200000
0.89311111
0.89266667
0.89622222
0.88877778
0.89977778
0.89788889
0.89911111
0.89933333
0.90088889
0.90166667
0.90155556
0.89966667
0.90466667
0.90211111
0.90344444
0.90266667
0.90766667
0.90711111
0.90700000
0.90988889
0.90611111
0.90788889
0.90611111
0.90822222
0.91222222
0.90677778
0.91100000
0.91011111
0.91044444
0.91033333
0.91177778
0.91366667
0.90722222
0.91022222
0.91011111
0.91466667
0.91600000
0.91044444
0.91344444
0.91644444
0.91233333
0.91644444
0.91855556
0.91566667
0.91688889
0.91544444
0.91800000
0.91422222
0.93277778
0.93755556
0.93611111
0.93500000
0.93822222
0.93388889
0.93733333
0.93500000
0.93566667
0.93822222
0.93588889
0.93466667
0.93744444
0.93666667
0.93800000
0.93855556
0.93688889
0.93788889
0.93611111
0.93644444
0.93711111
0.93900000
0.93822222
0.93688889
0.93644444
0.93855556
0.93444444
0.93488889
0.93755556
0.93722222
0.93855556
0.93611111
0.93755556
0.93811111
0.93855556
0.93788889
0.93622222
0.93500000
0.93488889
0.93700000
0.93933333
0.93822222
0.93777778
0.93800000
0.93777778
0.93944444
0.93700000
0.94100000
0.93755556
0.93888889
0.94100000
0.94122222
0.94233333
0.94233333
0.94044444
0.94188889
0.94411111
0.94133333
0.94233333
0.94144444
0.94433333
0.94144444
0.94311111
0.94300000
0.94166667
0.94500000
0.94344444
0.94422222
0.94288889
0.94188889
0.94111111
0.94177778
0.94277778
0.94177778
0.93933333
0.94011111
0.94377778
0.94133333
0.94522222
0.94133333
0.94066667
0.94088889
0.94000000
0.94244444
0.94088889
0.94477778
0.94466667
0.94411111
0.94322222
0.94288889
0.94122222
0.94255556
0.94444444
0.94555556
0.94133333
0.94177778
0.93955556
0.94111111
0.94122222
