2.76171336
2.19748167
2.02476061
1.87029641
1.71983820
1.57122019
1.39106393
1.31628165
1.20475730
1.14815525
1.09027462
1.04289411
1.00707441
0.96393562
0.94083178
0.91643171
0.88247253
0.88166768
0.84373511
0.81280258
0.80456816
0.80030119
0.78615908
0.75177683
0.71520715
0.74180017
0.73968585
0.68513456
0.70596024
0.69068858
0.68653162
0.65599693
0.66197875
0.65095712
0.62499029
0.62034629
0.60942586
0.63020661
0.63311155
0.61370828
0.60294847
0.58894686
0.58680638
0.62019570
0.60405821
0.59438790
0.59195887
0.59418531
0.56767948
0.55750585
0.39771856
0.35345666
0.33992141
0.32853531
0.32448956
0.32468458
0.31468911
0.31417162
0.30908022
0.30950963
0.30124279
0.29948423
0.29509191
0.29832797
0.29631925
0.29823291
0.29113869
0.29373483
0.28898731
0.28910033
0.28648678
0.28062986
0.28655119
0.28498613
0.28375912
0.28311422
0.27313840
0.28741887
0.28119360
0.27433715
0.27847359
0.27266377
0.27477657
0.26831550
0.27330110
0.27517911
0.27557340
0.26566494
0.26320329
0.26995637
0.26796675
0.26445188
0.26572742
0.26468000
0.25906409
0.26376242
0.26569008
0.26645526
0.25667001
0.25745520
0.22124217
0.21721359
0.21461922
0.21025828
0.21533500
0.21233702
0.20735807
0.21350287
0.21071762
0.20874450
0.20912778
0.21259180
0.20584841
0.20910193
0.20443328
0.20506880
0.20685210
0.20448624
0.20938554
0.20916608
0.20971328
0.20754031
0.20366606
0.20591028
0.20481350
0.20592201
0.20543958
0.20905967
0.20472072
0.20534034
0.20549008
0.20771446
0.20264348
0.20449118
0.20273622
0.20619762
0.20321227
0.20406519
0.20766268
0.20097653
0.20097666
0.20167982
0.20369992
0.20151732
0.20634955
0.20250631
0.20190822
0.19998845
0.20385127
0.20033242
0.19609236
0.19223663
0.19466451
0.19567108
0.19554672
0.19671327
0.19290621
0.19468606
0.19424377
0.19444830
0.19580275
0.19549799
0.19395277
0.19167754
0.19536340
0.19366979
0.19243858
0.19356107
0.19636493
0.19281869
0.19305514
0.19447100
0.19236696
0.19474247
0.19233044
0.19554742
0.19452178
0.19603612
0.19158527
0.19346189
0.19583096
0.19578340
0.19559065
0.19247445
0.19447311
0.19085056
0.19160600
0.19266204
0.19398275
0.19313329
0.19619577
0.19551096
0.19388631
0.18967039
0.19366983
0.19605405
0.19541484
0.19503514
0.19525473
