0.11955556
0.25677778
0.32066667
0.37133333
0.41444444
0.47066667
0.52355556
0.56122222
0.58733333
0.62355556
0.64044444
0.65511111
0.66188889
0.67222222
0.67922222
0.75711111
0.77255556
0.77944444
0.78388889
0.78966667
0.78733333
0.79377778
0.79288889
0.79677778
0.80155556
0.79800000
0.80133333
0.80411111
0.79988889
0.80511111
0.81755556
0.82555556
0.82144444
0.82622222
0.82655556
0.82433333
0.82688889
0.82488889
0.82633333
0.82466667
0.82355556
0.82744444
0.82300000
0.82477778
0.82622222
0.82611111
0.82911111
0.82766667
0.82877778
0.82744444
0.82811111
0.82788889
0.82888889
0.82866667
0.82744444
0.83011111
0.82955556
0.82766667
0.82800000
