2.76690138
2.22764835
2.05284268
1.91199098
1.76498694
1.60378624
1.44477801
1.33884710
1.25733088
1.14887963
1.09342192
1.04437526
1.03070891
0.99131195
0.95356113
0.75133292
0.69941667
0.67390589
0.66779774
0.65074328
0.64908705
0.64330214
0.63243159
0.62319970
0.61956156
0.61549406
0.61023281
0.60720854
0.60734230
0.59566230
0.56203893
0.55068719
0.55498496
0.55234021
0.55032339
0.54735163
0.54583541
0.54576359
0.54141557
0.54237416
0.53760516
0.54219276
0.54133849
0.53902062
0.54063820
0.53782402
0.53265296
0.52834925
0.53108339
0.53180425
0.52523346
0.53045656
0.53008245
0.53293059
0.53186337
0.53163455
0.52778904
0.53366990
0.53398603
