2.30789829
1.98534408
1.88893232
1.82069724
1.77612920
1.72486022
1.68545808
1.65138199
1.62132721
1.58877390
1.55873233
1.53225145
1.50931743
1.48529620
1.46438627
1.44122840
1.42224387
1.40137654
1.38970026
1.37521806
1.35853243
1.34327479
1.33004731
1.32162973
1.30779825
1.29333971
1.28408965
1.27002531
1.26137995
1.25071168
1.24768678
1.23940897
1.23441909
1.22160379
1.21366864
1.20123471
1.20035551
1.19237113
1.19165159
1.18022041
1.17581568
1.16551227
1.16109158
1.15414835
1.15142468
1.15137570
1.13976855
1.13510290
1.13241972
1.11994738
1.12299218
1.12450320
1.10979658
1.10552756
1.10489949
1.09840595
1.09039841
1.08819408
1.08971708
