0.23588889
0.34611111
0.37955556
0.40944444
0.43200000
0.43922222
0.45455556
0.47000000
0.48033333
0.49400000
0.50255556
0.51111111
0.51655556
0.52666667
0.53088889
0.53966667
0.54900000
0.55644444
0.55500000
0.55977778
0.56788889
0.57466667
0.57722222
0.57555556
0.58088889
0.58588889
0.58755556
0.59400000
0.59322222
0.59833333
0.59933333
0.60244444
0.60422222
0.60533333
0.60700000
0.61744444
0.61722222
0.61711111
0.61633333
0.62000000
0.62722222
0.62288889
0.62822222
0.63122222
0.62422222
0.62766667
0.63011111
0.63366667
0.63366667
0.63655556
0.63744444
0.63888889
0.64066667
0.64311111
0.64400000
0.64288889
0.64844444
0.64355556
0.64522222
