2.50804377
2.05431596
1.92934887
1.84405607
1.76596121
1.69622876
1.62943071
1.56157410
1.50529170
1.46903158
1.42239383
1.40353442
1.36201909
1.33191492
1.29641639
1.27218714
1.23969442
1.22160941
1.19474472
1.18363382
1.16114767
1.15461857
1.11495886
1.09908135
1.07800469
1.06162926
1.03895122
1.03281570
1.00118206
1.01794721
0.96800851
0.95851384
0.96310267
0.93265224
0.93420853
0.93761116
0.90332944
0.88722366
0.89189887
0.88312875
0.86819900
0.86674915
0.83496251
0.82508898
0.83249615
0.81348408
0.81626028
0.79956781
0.80175859
0.77062904
0.79054657
0.76352773
0.75316149
0.77385164
0.75108719
0.73813759
0.74349847
0.71937782
0.73236374
