0.19888889
0.31777778
0.36566667
0.40444444
0.42800000
0.45222222
0.47122222
0.49122222
0.51555556
0.52211111
0.53222222
0.53944444
0.55444444
0.56388889
0.58055556
0.58544444
0.58900000
0.60366667
0.60844444
0.61511111
0.61966667
0.62266667
0.64044444
0.64000000
0.64777778
0.65011111
0.65377778
0.66255556
0.66666667
0.66811111
0.68400000
0.68711111
0.68788889
0.69755556
0.69622222
0.69611111
0.70766667
0.70677778
0.70911111
0.71833333
0.71911111
0.71688889
0.73211111
0.73100000
0.72711111
0.73655556
0.73466667
0.74266667
0.73600000
0.75533333
0.74366667
0.75122222
0.75400000
0.74788889
0.75100000
0.75988889
0.75622222
0.76844444
0.76133333
