0.23877778
0.41511111
0.49322222
0.55633333
0.60488889
0.63844444
0.66188889
0.69333333
0.70233333
0.71744444
0.73522222
0.75177778
0.76555556
0.76711111
0.77566667
0.78688889
0.79322222
0.80222222
0.80466667
0.81155556
0.82111111
0.82133333
0.82433333
0.83788889
0.83811111
0.84555556
0.84988889
0.85200000
0.85077778
0.85700000
0.86255556
0.86522222
0.86788889
0.87000000
0.87977778
0.88700000
0.88388889
0.89155556
0.88866667
0.88588889
0.89033333
0.89822222
0.90400000
0.90377778
0.89477778
0.90700000
0.90933333
0.90511111
0.91155556
0.91655556
0.91755556
0.91400000
0.92011111
0.92277778
0.92233333
0.91933333
0.93255556
0.92866667
0.93466667
