2.30889924
1.76512888
1.51207608
1.33126453
1.19970704
1.09567984
1.03211307
0.94228127
0.91085091
0.85459022
0.79855013
0.75149351
0.72150208
0.70336882
0.67449657
0.64528619
0.62690451
0.59411257
0.59193973
0.55956297
0.53250066
0.53155270
0.51001727
0.48869224
0.48855198
0.47038417
0.44860630
0.43655808
0.44683761
0.42252127
0.40782760
0.39239789
0.39274150
0.38018885
0.36294876
0.33837459
0.34369473
0.32649049
0.32786076
0.32961162
0.31904247
0.30500582
0.28376195
0.27939471
0.30282610
0.26944538
0.26535338
0.26828562
0.25701952
0.24565459
0.24266676
0.24465124
0.22877548
0.22977843
0.22830105
0.22825341
0.19992889
0.20864079
0.19122853
