0.13200000
0.27722222
0.32000000
0.37133333
0.42477778
0.47833333
0.52122222
0.57222222
0.59644444
0.62633333
0.63444444
0.65444444
0.66811111
0.68944444
0.70366667
0.71588889
0.72211111
0.72111111
0.72566667
0.73111111
0.74211111
0.74533333
0.74133333
0.76188889
0.76511111
0.77066667
0.76233333
0.76900000
0.77700000
0.77577778
0.78166667
0.78655556
0.78900000
0.78822222
0.78722222
0.79411111
0.78888889
0.79155556
0.79811111
0.80133333
0.80144444
0.80055556
0.80266667
0.79833333
0.80311111
0.80200000
0.82011111
0.80811111
0.81544444
0.80922222
0.81744444
0.81777778
0.80455556
0.81466667
0.81266667
0.81744444
0.81655556
0.82000000
0.82633333
