2.68308136
2.15686695
2.05643099
1.91006624
1.74102045
1.59188870
1.46725187
1.32276421
1.24578233
1.15553115
1.09367063
1.04976788
1.01731391
0.94352080
0.92210607
0.87198806
0.85694159
0.84456252
0.83333600
0.81669303
0.78774090
0.78803471
0.79256245
0.74338332
0.72172612
0.69511371
0.73246834
0.69983188
0.68912727
0.69858426
0.67160161
0.64597577
0.64907110
0.64183808
0.64533946
0.62682207
0.64104208
0.62359708
0.60741851
0.61596838
0.58792098
0.61917309
0.59893069
0.61521678
0.59580431
0.60286148
0.55325708
0.58432608
0.55335692
0.57283997
0.56470706
0.54629708
0.58248944
0.56017572
0.59046322
0.56164891
0.55335620
0.54387580
0.52504724
