2.73313507
2.19979233
2.06078343
1.92845286
1.74980133
1.59703533
1.47188227
1.31708433
1.25420665
1.18686638
1.01139012
0.96768941
0.94052347
0.92766022
0.90113337
0.88285877
0.85027782
0.83273116
0.79955399
0.78761385
0.69470415
0.66676631
0.67157518
0.65302714
0.64189947
0.63915319
0.63791615
0.61598550
0.61160211
0.61288664
0.55605210
0.53671049
0.53731897
0.52773573
0.52457937
0.51792219
0.52334460
0.51327430
0.51559532
0.51099776
0.47086613
0.46795208
0.45762256
0.46439940
0.45417044
0.45702025
0.44801621
0.46100681
0.45207458
0.44340927
0.42433385
0.41532403
0.42145340
0.41653523
0.42310567
0.41391418
0.41472920
0.41532010
0.42383594
