0.12055556
0.26200000
0.31033333
0.36400000
0.42611111
0.47244444
0.51444444
0.57188889
0.58477778
0.61111111
0.67144444
0.68000000
0.69166667
0.69266667
0.70388889
0.71377778
0.72522222
0.72100000
0.73788889
0.73988889
0.77200000
0.77922222
0.78122222
0.78777778
0.78977778
0.78911111
0.78911111
0.80255556
0.80077778
0.79544444
0.81655556
0.82288889
0.82611111
0.82733333
0.82677778
0.82855556
0.82833333
0.82911111
0.83155556
0.83166667
0.84422222
0.84422222
0.85288889
0.84666667
0.85300000
0.84777778
0.85411111
0.84933333
0.85033333
0.85488889
0.86233333
0.86566667
0.86422222
0.86688889
0.86177778
0.86088889
0.86811111
0.86144444
0.86166667
