2.84639458
2.38980028
2.09407184
1.93676459
1.77207781
1.61871288
1.49831327
1.38437786
1.30102959
1.26211848
1.18549112
1.11875721
1.07532322
1.04202005
0.97253690
0.74309461
0.69187440
0.68293567
0.66903854
0.64252157
0.63006352
0.62496013
0.61756242
0.60619631
0.59260422
0.59268730
0.57680826
0.57357226
0.56502219
0.55592055
0.50061629
0.49153439
0.49291672
0.48939307
0.49035785
0.47861982
0.48701285
0.48352256
0.47828573
0.48012455
0.48348817
0.47579046
0.47632868
0.47881234
0.46860385
0.46737154
0.45809086
0.46333007
0.46570036
0.46073719
0.46586867
0.46557172
0.46011024
0.45964258
0.45715270
0.45184620
0.45604882
0.46268405
0.45680989
