0.09466667
0.19866667
0.29000000
0.34977778
0.42411111
0.47433333
0.50755556
0.54166667
0.56988889
0.58633333
0.61155556
0.63233333
0.64833333
0.65966667
0.68211111
0.75577778
0.77388889
0.77811111
0.77855556
0.78966667
0.79022222
0.79477778
0.79300000
0.79666667
0.80277778
0.80588889
0.80755556
0.81044444
0.80888889
0.81577778
0.83488889
0.83788889
0.83888889
0.83866667
0.83900000
0.84177778
0.83633333
0.83766667
0.84577778
0.84166667
0.84077778
0.84122222
0.84466667
0.84311111
0.84477778
0.84377778
0.84688889
0.84477778
0.84488889
0.84833333
0.85155556
0.84522222
0.85211111
0.84844444
0.85588889
0.85255556
0.85288889
0.85055556
0.85155556
