0.11255556
0.26333333
0.33366667
0.37111111
0.42533333
0.48322222
0.52177778
0.56766667
0.60266667
0.62488889
0.63288889
0.65444444
0.66288889
0.67377778
0.69944444
0.76544444
0.77877778
0.78355556
0.78833333
0.79122222
0.78822222
0.79466667
0.79688889
0.79722222
0.80244444
0.79800000
0.80433333
0.80700000
0.80411111
0.81044444
0.82477778
0.82311111
0.82977778
0.82744444
0.82911111
0.82533333
0.82611111
0.82966667
0.82922222
0.82922222
0.82944444
0.83400000
0.82766667
0.82888889
0.82855556
0.83244444
0.83288889
0.83388889
0.82900000
0.83077778
0.83333333
0.83077778
0.83611111
0.83133333
0.83488889
0.83155556
0.83033333
0.82966667
0.83433333
