2.77949032
2.19965289
2.01625050
1.90038422
1.75557020
1.57062929
1.45295839
1.31980867
1.19647198
1.14272687
1.12588964
1.05228879
1.02124730
0.99398327
0.93282945
0.72781430
0.67632884
0.66845803
0.65015133
0.64421697
0.63800724
0.62238860
0.62602090
0.62624057
0.61606613
0.60927923
0.60213722
0.59050856
0.59374723
0.58246716
0.54589962
0.54374446
0.53713553
0.53241006
0.53243417
0.53671506
0.53725518
0.53263594
0.53214497
0.52790308
0.52765449
0.52109717
0.53437721
0.52897969
0.52480111
0.52210388
0.52067565
0.51610883
0.52422778
0.52157572
0.52096773
0.52190417
0.51860332
0.52225243
0.51690850
0.52034292
0.52124785
0.52230403
0.52135588
