2.53321386
2.16333854
1.99627619
1.83407160
1.69326948
1.59844932
1.50222590
1.42743485
1.37875212
1.33516628
1.24645922
1.22622914
1.17365633
1.14995661
1.12901417
1.10180694
1.06554388
1.04114948
1.02763980
1.01578838
0.98652506
0.97837780
0.96524887
0.93043002
0.93930559
0.92302616
0.91989715
0.91494701
0.89165363
0.89042306
0.87385521
0.86531399
0.85433075
0.85029254
0.84918301
0.83239887
0.82211169
0.82529825
0.82227319
0.81757727
0.81557827
0.81683392
0.78745970
0.78677098
0.80372757
0.77423615
0.77478140
0.77739892
0.77819627
0.75961823
0.75215689
0.75649897
0.74376971
0.75738017
0.74026831
0.73852365
0.74495708
0.72834414
0.72386587
