0.17700000
0.27933333
0.33455556
0.39244444
0.44277778
0.47688889
0.50566667
0.53288889
0.55177778
0.56622222
0.59877778
0.60122222
0.61888889
0.62611111
0.63466667
0.64744444
0.65900000
0.66544444
0.66666667
0.66788889
0.68022222
0.68544444
0.69066667
0.70033333
0.69800000
0.69922222
0.70055556
0.70477778
0.70855556
0.71144444
0.71622222
0.72344444
0.72955556
0.72677778
0.72522222
0.72855556
0.73422222
0.73066667
0.73600000
0.73322222
0.73833333
0.73833333
0.74533333
0.74811111
0.74466667
0.74522222
0.74955556
0.74988889
0.74744444
0.76200000
0.76266667
0.75788889
0.75600000
0.75788889
0.75577778
0.76355556
0.75633333
0.76377778
0.76677778
