2.73877832
2.22986020
2.13161634
1.97457784
1.81567372
1.64321027
1.54396977
1.41465845
1.37441320
1.22066032
1.20786405
1.14533547
1.15238501
1.06534551
1.03716403
0.78054825
0.72324224
0.69070228
0.68048434
0.66825992
0.65662711
0.63627551
0.62912458
0.61659600
0.62664144
0.61335235
0.61141622
0.60007913
0.59512626
0.60024733
0.53431805
0.52459054
0.51683741
0.51795433
0.51995326
0.51539464
0.50793077
0.50935265
0.51150233
0.51399080
0.50532336
0.51040053
0.50566679
0.50832131
0.50451832
0.49968169
0.50559002
0.49641491
0.49067447
0.48975270
0.49760357
0.49461883
0.49635784
0.49483097
0.49068105
0.50107614
0.49269724
0.49169434
0.49227228
