0.11300000
0.24511111
0.29066667
0.34844444
0.40411111
0.45777778
0.49422222
0.53722222
0.55233333
0.60200000
0.60500000
0.62866667
0.62322222
0.65400000
0.66255556
0.74633333
0.76144444
0.77555556
0.77411111
0.78355556
0.78255556
0.79311111
0.79666667
0.80166667
0.79466667
0.79988889
0.79855556
0.80933333
0.80411111
0.80544444
0.82944444
0.83300000
0.83066667
0.83677778
0.83277778
0.83622222
0.83655556
0.83866667
0.83600000
0.83477778
0.83922222
0.83677778
0.83833333
0.83866667
0.83977778
0.83900000
0.83766667
0.83600000
0.84511111
0.83966667
0.84066667
0.84277778
0.84111111
0.83755556
0.84511111
0.84088889
0.84377778
0.84388889
0.84411111
