2.77895091
2.21867100
2.10595635
1.98754134
1.85598154
1.71520543
1.58142900
1.50146574
1.40681091
1.32207438
1.26184274
1.19118007
1.15450070
1.11404254
1.07316650
0.85281114
0.79756481
0.78480920
0.77415173
0.76285879
0.75379875
0.74991584
0.73607279
0.73643314
0.72918330
0.72776427
0.71792261
0.71699978
0.70836855
0.70649475
0.66620885
0.66706736
0.65827490
0.65661838
0.66441120
0.65670001
0.65581008
0.65174518
0.64806130
0.65476771
0.65395709
0.65195396
0.64843916
0.65329495
0.64939204
0.65328719
0.63996708
0.64424557
0.64230134
0.64715097
0.64050586
0.64197958
0.64914404
0.64317105
0.64187184
0.64713382
0.64219641
0.64307872
0.64643754
