0.11222222
0.25577778
0.30466667
0.35055556
0.38511111
0.44133333
0.47766667
0.50577778
0.53344444
0.56255556
0.58255556
0.60533333
0.61911111
0.63288889
0.64766667
0.72800000
0.74300000
0.74644444
0.74988889
0.75111111
0.75544444
0.75411111
0.76288889
0.75877778
0.76411111
0.76133333
0.76888889
0.77122222
0.77022222
0.77144444
0.78400000
0.78622222
0.78888889
0.78500000
0.78655556
0.78944444
0.78855556
0.79155556
0.79311111
0.78933333
0.79000000
0.78688889
0.79222222
0.79155556
0.78955556
0.79355556
0.79666667
0.79366667
0.79455556
0.79211111
0.79322222
0.79411111
0.79144444
0.79500000
0.79244444
0.79166667
0.79211111
0.79566667
0.79333333
