2.99216857
2.98008116
2.91100902
2.70159146
2.47425176
2.24022933
2.12195039
2.05440939
1.98255024
1.91976514
1.87694674
1.83696411
1.78574669
1.73668537
1.68075042
1.65074697
1.60273044
1.55507613
1.52023469
1.47910082
1.45952806
1.43101698
1.37823494
1.35990939
1.34192694
1.30348955
1.27000622
1.27052533
1.24655783
1.22713528
1.19943933
1.18781665
1.15551117
1.14829632
1.13813896
1.10463296
1.08909200
1.07139821
1.08461409
1.05056248
1.03532062
1.02420992
1.01544987
1.01353013
0.98560043
0.98809365
0.97564309
0.95421092
0.94879719
0.95182372
0.93104622
0.93007105
0.91272095
0.89654399
0.89934435
0.89095287
0.87788670
0.86753228
0.86035531
