0.09133333
0.08800000
0.10488889
0.13377778
0.19988889
0.26100000
0.29722222
0.32055556
0.34822222
0.37155556
0.37977778
0.39866667
0.41666667
0.43511111
0.45188889
0.46344444
0.47644444
0.49555556
0.50200000
0.51655556
0.51911111
0.53277778
0.55177778
0.54988889
0.55544444
0.57244444
0.58155556
0.58033333
0.58977778
0.59166667
0.60711111
0.60944444
0.61766667
0.61877778
0.62666667
0.63955556
0.64211111
0.64488889
0.64066667
0.65533333
0.65822222
0.66344444
0.66711111
0.66633333
0.68255556
0.67566667
0.68166667
0.68400000
0.68811111
0.68544444
0.69722222
0.69177778
0.69900000
0.70177778
0.70177778
0.70466667
0.71400000
0.71033333
0.71522222
